111111111111111111111111111111111111111111111111111111111111111111111111111111111111111111111111111
101010000000000111101100011110100101000010110010001001111111000000101001000100111001100110001101011
100000000100000000110000110010000011001001000000000000001101101001101010100011001110000010000000001
110100101000000101000000000000001110000100000000000100000000000010110100001100000001010000000100001
100001100000100000100000000000000010000000000000000000010000000010000011010000000000000100000000111
110000000001000001010000000001100000100001000010010000000010000000001000100100000000100000000000101
110100000001000100000000000100000000000000000000000000000000010000010000100000000000000000000001101
110010000000010010001100000000000000000100001000000101100000000100000000001110000000000110000000001
110001000001000000000000000100000000000011000000000010000100010000000010000000100001000000001000011
100000010000000000100000000010000000000000000000001000001010101100000100000000010000001000000011101
101100001100000000000000000000000001001000001100000000000001000010000000010000000011000000000000011
101001000100000000001000010000001000110000000011000000000000000100000001001001000100000000010001101
110010000000000001100100000000011101000000000000000000010100000000000000000000010000000000100000011
100000010000000000010010000010110000000000000000110000000000000100000000000000000010011000000000011
110000000001000000000100001000010000000000000000010100000000000001010011100000000000010001000010011
110010000000000001001000000000000100000100100010000000000000000000000100000000000001000000000001101
100000010000101000010000100010000000000001000001101001100011011000001000000010001000000000000001001
100110100000000100000000000000001000010000001000100010010000000000000000000001000000001010000000111
111100010000001001000010010000000001000010100000000000000000000100000000000000000100000000010100001
101000000000001000000000000000100000100100000001000000000000000000000000001110000000100000000100001
100101001001000000000100000001000100000000000100000000000001000000000000000000011000000100010000001
101000000001000000100001000001001000000000000000000000001100000000000001000000000010000000100100001
110000000000010010110000000010000000000000011001000100000000000000100000000010000000000000001000001
101100000110100000001000001000000000000010000000000000000001000001001001000000000101000001010000101
100000010000000000010000000001000010000000110110101000100100011000000110110000000000100100000000011
110000010000000001000000000000000000110000000000000011010011000000000000100000000000010000000100011
101000000100000010000001000100000011000100000000000000000000001010000000000010000000100000000100001
101001100000001000000000010000000000100000000000000000000000000110010001000000100000011000010000011
100100010000000100000000100000100000000000000000000100000000100000100000000010000000010000000001001
100001000000000000001000000001010100001000000000000000001000100000011100000000001000010000000000001
100010000000010000000000000000001000001000010000010001000110000001000000000100000000001000000000111
100010000000000010000011000001000000000000010000000100100000000100000000000000000100000000000010011
101100000000000000001000000001000000001001000000010000000000010000000000000001001000000001000000101
111100001001000000010000000000010000001001100000100000000010000000001000100000000000000100001010011
100001000010100000001000000100000000010000000000001000001000000010000011010000100010000000000000011
100000000001000000000000011000000001100000001000000000010000100000000000001000000100000001000000001
110000100000001000010000000000000000010000000000000010000000001010000000100000011010000000100000001
101001000000000100001000000100000001000010000000000000010000000000000000010000001000000100000000101
110000000000100000000000100010001000000000000001000000000000000101110000000100000000000001000000001
100000000010010010000000100000000000000000010000000000000000000000001000000000000100010000000010101
100000000011000001000000000001001000000000000100000000000010000000000000010000010000000000100010101
111100000000000001000000000010000010000100000000000000000000000000000100010000000001000010000000101
110000000000100000000001000000100100000000000000000000000000000000100000001000001000000000010000011
101000000100000000010001010000100000000000000010000000000000000000000100000101000011000010000000111
100000000000000000010001000000010000000000000000000000000000001000001000000000000001000000000000001
110000000100000010000000001000000100000000000000000000000000000010000000000000100000010000001000001
100000010000000010000001000000001000000000000000000000000000000000010000000011000000000000100000001
100000001000000000100000000001000000000000000000000000000000000000100000000000101000000000001000011
110000010000000000010000000000000100000000000000000000000000000000001001000000000001000000100010101
100100000010000000000000001000000010000000000000000000000000000010000000000010000000010000010000001
100000001000000000100110000000100000000000000000000000000000000000010000000010000000100000100010001
100000001000001100000000001000000000100000000000000000000001000000001000000001000000010001001001001
100100000000010100000001000000001000000000000000000000000001000000000100000100001000000000001000001
111000000100000010000001000000001000000000000000000000000000000010000100000000000001000001000000101
110000000000000100000000001000000100000000000000000000000000000000100000000001001000000000000100011
100000000010000000010010000000000000001000000000000000000000000000000101000000000011000010000000011
110000101000000000000010000000000000000001000000000000000000000000000011000000000010100000001000101
111000011000000100000000110000000100000000000000000000000000000000000100000000000001000000000010011
100001000100000110000001000000000010000000000000000000000000000000000100000000000000000100000000011
110000000100000000000010100000000001000000000000000000000000010000000000000001000001010010000000111
101000000001000000001000000010000110000000000000000000000000010000010000000011000010000000000000111
110001000010000000000000001001000000000010000000000000000000000100001000010110000000000000010001101
101000000100010000001000000100000000000011000000000000000000000000101000000000000100100100000000011
111000000010000000001000000000100001100000000000000000000000000001100001000001000000001000000000101
101110000011000000000001000101001000010000000000000000100000000000000000100000000000000101000000001
100000010000000000010000000000000000010000000000001000000000100000000100000000010100000000000010001
100000001000100000000101000100010000011000100000010001000000000010000000101000100000000000100000101
100100000000000000000010000010100000010010010010000000000010100101000000000000100000000010010000011
101101000000000000001010000000000010000100000000000000010100001000000010000010001000001000001000011
101001100000001000000100000000000000100010000101000100000010000000000100000000111110000000000010101
101001000000000010000000110000001000000000011000001000001000000001000100000000001000100000000010101
110000001000000000000100000000000000000000000010100010100000000000001000000001000000001000000010001
100001001000001000000000000100000101001000000010000001000000000001010000100000100000000000000001001
111000000100001000000000001000000000001100010000000000000000000010000000001000000000001000001000011
100100000100001000000000101001000010000000001000000100001010001000001000001010000000010101000000001
100100110100000100000100000100000000010000000000100100000000010000000000000100000000000001000001011
110000010000000010000000000000000100000000000000110000100101001000000000010000000001000000000101101
100100100000010001000000000010100100000000100000000000000000000000100000000010010000000100101000001
110000001010000000100010000000010001000000000101000000010000000000000100000001001010000000010000111
111000001011100000000000010000000010000000000000000001000000000000001101000000010000000010010000101
111000000000001000001000000000000000000010000010000000000000000000010010010000000000001000000000101
101010000001010010001000000100000000000001000010000000000000000100100000000100000000100000001010001
100001000000000000000001100010000000000000001000000000000000001000000001101100000100000001001100011
100100000000000100000001000001000000100000000001000000000010011000000000010100000000000010000001011
110000000000100000010000010000000000000100001100000000000001100100000000000001000010000000000000111
100000001001000000000000001000100010000000010100000100011110000000000100000000000010000000100000001
111000000000000101000000000000000001000000000000011010000000000000000100010000000000010000010000011
101000010000001001010000000000010100000100000000000000000101000001000000000010000000001000000010001
110000010000000000100000000000001000001000000000100000000000100100000000001000000001000000000100001
100000000100000000000100000000000100010000001000000000100000010000010000000000010000000001000100011
110010000000010000001000010000000000100011000000000000001000000010000001000000000000010000100100011
111000000000010000000010000000010000010000000010001010000000001000000001110110000100100000000000011
100100000000100010000001101110000000000000110000110011000000001000000010100000100100001101000000111
110000001000000100100000000000100000000000000001001010000000000001100000000000010000000000000000011
100001101000000000000001000000011000000000000000101000000000000000100100100000001011000000110010001
101100000001000000001010000001001000100000000000000010000100010000010000001001000011000000010010101
110001010101000010000000010110000011010001000000000100001010010001101101001010001000100000000001101
110100011100111101010111011110001101000101110110000011101111111111010111000101110010010101101110101
111111111111111111111111111111111111111111111111111111111111111111111111111111111111111111111111111
