110000000100000000000010000000000000000000000100000010000000000000000000010000000000000000010000011
101000000000000010000000001000000000000010000000000000100000000000000000000000010000000100000000011
100000000100000000100000000000000001000000000000000000000000000001000000000000000100000010000000001
110100100000000001000000000000001000000000000000000000000000000000100000000000000001000000000100001
100000100000100000100000000000000010000000000000000000000000000010000000010000000000000100000000011
110000000001000001000000000001000000000000000000000000000000000000000000100000000000100000000000101
110100000001000100000000000100000000000000000000000000000000000000000000100000000000000000000000101
110010000000010000000000000000000000000100000000000100100000000000000000000010000000000010000000001
110000000001000000000000000100000000000010000000000000000100000000000000000000100001000000000000011
100000000000000000100000000010000000000000000000001000000000000100000000000000010000001000000001101
100000000100000000000000000000000001001000000000000000000000000010000000010000000001000000000000011
101001000100000000001000000000001000000000000000000000000000000100000000000000000100000000010001101
110010000000000001100000000000001000000000000000000000000100000000000000000000010000000000100000011
100000010000000000010000000010000000000000000000000000000000000100000000000000000010001000000000011
110000000001000000000100000000010000000000000000010100000000000000000000100000000000010000000010011
110010000000000001001000000000000100000000000010000000000000000000000100000000000001000000000001101
100000010000000000010000000010000000000001000000000000000000001000000000000010001000000000000001001
100110000000000100000000000000001000010000000000000000010000000000000000000001000000000010000000111
111100010000001000000010000000000001000000000000000000000000000100000000000000000100000000010100001
101000000000001000000000000000100000100000000001000000000000000000000000000010000000100000000100001
100101000001000000000100000000000100000000000000000000000001000000000000000000001000000100010000001
101000000001000000100000000001000000000000000000000000000000000000000001000000000010000000100100001
110000000000010000100000000010000000000000001000000100000000000000100000000010000000000000001000001
101100000100000000001000000000000000000010000000000000000001000000000001000000000001000000010000101
100000010000000000010000000001000000000000100000000000000000001000000000100000000000100100000000011
110000010000000001000000000000000000110000000000000000000001000000000000100000000000010000000100011
101000000100000010000000000100000010000000000000000000000000001000000000000010000000100000000100001
101001100000001000000000010000000000100000000000000000000000000010000001000000000000011000010000011
100100010000000100000000100000000000000000000000000100000000000000100000000010000000010000000001001
100001000000000000001000000001010000000000000000000000000000000000000100000000001000010000000000001
100010000000010000000000000000001000000000010000000000000010000001000000000100000000001000000000111
100010000000000010000010000001000000000000010000000000100000000100000000000000000100000000000010011
101100000000000000001000000001000000001000000000010000000000010000000000000000001000000001000000101
111100000001000000010000000000010000001000000000000000000010000000001000100000000000000100001010011
100001000010000000001000000100000000010000000000000000000000000010000000010000100010000000000000011
100000000001000000000000011000000001000000000000000000000000100000000000001000000100000001000000001
110000100000001000010000000000000000010000000000000000000000000010000000100000001010000000100000001
101001000000000100001000000100000001000000000000000000010000000000000000010000001000000100000000101
110000000000100000000000100000001000000000000000000000000000000000010000000100000000000001000000001
100000000010010010000000100000000000000000010000000000000000000000001000000000000100010000000010101
100000000011000001000000000001001000000000000000000000000010000000000000010000010000000000100010101
111100000000000001000000000010000010000000000000000000000000000000000100010000000001000010000000101
110000000000100000000001000000000100000000000000000000000000000000100000001000001000000000010000011
101000000100000000010001000000100000000000000000000000000000000000000100000001000001000010000000111
100000000000000000010001000000010000000000000000000000000000001000001000000000000001000000000000001
110000000100000010000000001000000100000000000000000000000000000010000000000000100000010000001000001
100000010000000010000001000000001000000000000000000000000000000000010000000011000000000000100000001
100000001000000000100000000001000000000000000000000000000000000000100000000000101000000000001000011
110000010000000000010000000000000100000000000000000000000000000000001001000000000001000000100010101
100100000010000000000000001000000010000000000000000000000000000010000000000010000000010000010000001
100000001000000000100010000000100000000000000000000000000000000000010000000010000000100000100010001
100000001000001000000000001000000000100000000000000000000000000000001000000001000000010001001001001
100100000000010100000001000000001000000000000000000000000000000000000100000100001000000000001000001
111000000100000010000001000000001000000000000000000000000000000010000100000000000001000001000000101
110000000000000100000000001000000100000000000000000000000000000000100000000001001000000000000100011
100000000010000000010010000000000000001000000000000000000000000000000101000000000011000010000000011
110000101000000000000010000000000000000001000000000000000000000000000011000000000000100000001000101
111000011000000100000000100000000100000000000000000000000000000000000100000000000001000000000010011
100001000100000100000001000000000010000000000000000000000000000000000100000000000000000100000000011
110000000100000000000010100000000001000000000000000000000000010000000000000001000001000010000000111
101000000001000000001000000010000100000000000000000000000000000000010000000001000010000000000000111
110001000010000000000000001001000000000010000000000000000000000000001000000110000000000000010001101
101000000100000000001000000100000000000010000000000000000000000000101000000000000000100100000000011
111000000010000000001000000000100001000000000000000000000000000000100001000001000000001000000000101
101110000010000000000001000100000000010000000000000000100000000000000000100000000000000001000000001
100000010000000000010000000000000000010000000000000000000000100000000100000000010100000000000010001
100000001000100000000100000100000000010000000000000000000000000010000000001000100000000000100000101
100100000000000000000010000010000000010000000000000000000010000001000000000000100000000010010000011
101101000000000000001000000000000010000100000000000000000000001000000010000000001000001000001000011
101001000000001000000100000000000000100000000100000000000010000000000100000000001010000000000010101
101001000000000010000000100000000000000000011000000000001000000000000100000000001000100000000010101
100000001000000000000100000000000000000000000010100010000000000000001000000001000000001000000010001
100001000000001000000000000100000100000000000000000000000000000000010000100000100000000000000001001
111000000100001000000000001000000000000100000000000000000000000010000000001000000000001000001000011
100100000100001000000000100000000010000000000000000000000000001000000000001010000000010101000000001
100100110000000100000000000100000000010000000000000000000000010000000000000100000000000001000001011
110000010000000010000000000000000100000000000000010000000000001000000000010000000001000000000101101
100100000000010001000000000010000000000000100000000000000000000000100000000000010000000000001000001
110000001010000000100000000000010000000000000100000000010000000000000100000000000010000000010000111
111000001001000000000000010000000010000000000000000000000000000000000001000000010000000000010000101
111000000000001000001000000000000000000010000000000000000000000000000010010000000000001000000000101
101010000001000000001000000000000000000001000000000000000000000000100000000100000000100000001010001
100001000000000000000001100000000000000000001000000000000000001000000000000100000000000001000100011
100100000000000100000001000000000000100000000000000000000000001000000000010100000000000000000000011
110000000000100000010000010000000000000100000000000000000000100100000000000000000010000000000000111
100000001000000000000000001000000000000000010000000000000100000000000100000000000010000000100000001
111000000000000101000000000000000001000000000000010010000000000000000000010000000000010000010000011
101000010000000000010000000000010000000000000000000000000000000001000000000010000000000000000010001
110000010000000000100000000000001000000000000000000000000000000100000000000000000001000000000100001
100000000100000000000100000000000000010000000000000000000000010000000000000000010000000001000100011
110000000000010000001000000000000000100000000000000000000000000010000001000000000000000000100100011
100000000000010000000010000000000000010000000000000000000000001000000000000010000100100000000000011
100100000000100000000001000000000000000000100000000001000000000000000000000000100000000001000000011
110000001000000100000000000000100000000000000001000000000000000000100000000000010000000000000000011
100001000000000000000000000000011000000000000000000000000000000000000100000000000010000000000010001
101000000001000000001000000001000000000000000000000000000000010000000000000000000010000000000010101
110000010000000000000000000100000001000000000000000000000000000000000100000000000000100000000001101
110000010000000000010000000000000000000100000000000000000000000010000000000000000010000000000010101
110000000010000000001000000000000000001000000000000000000000000010000000000000000010000010000000011